223 385 221 5

285 406 36 5
385 406 36 5
480 406 36 5

598 368 77 5
690 388 90 5

865 338 85 5

998 282 85 5
998 183 85 5

1180 108 86 5
1213 245 110 5

1445 320 142 5

1622 291 61 5
1743 131 60 5
1862 285 60 5

2048 383 119 5
2281 348 233 5
2389 383 107 5

2500 319 62 5

2590 0 5 -201
2629 0 5 -201
2641 201 65 5

2598 346 5 -159
2636 346 5 -159
2648 346 65 5

2760 0 5 -193
2798 0 5 -193
2810 193 64 5

2773 314 5 -191
2811 314 5 -191
2822 314 64 5

2935 0 5 -170
2975 0 5 -170
2987 170 64 5

2932 377 5 -159
2970 377 5 -159
2983 383 65 5

2980 339 53 5

3360 361 263 5
